20
6 16 11 6 13 18 16 15 16 3 1 11 15 18 17 1 15 15 18 17 
14 13 15 17 1 3 9 2 9 14 17 6 16 18 17 1 16 8 12 18 
19 10 16 3 4 7 15 16 3 7 8 17 17 15 5 16 6 17 14 13 
8 5 7 8 12 7 4 14 12 16 9 16 13 11 13 8 13 4 16 6 
14 18 14 9 14 15 2 2 2 14 12 9 10 15 3 4 3 14 15 11 
10 2 16 10 11 12 2 11 14 7 2 3 11 5 5 10 4 11 10 1 
9 14 4 13 12 3 10 3 12 11 13 6 8 12 6 13 16 8 3 5 
8 13 16 10 15 4 10 7 7 9 6 7 11 9 8 9 14 10 18 4 
12 10 16 11 2 9 2 1 10 10 1 11 10 2 10 15 4 5 17 12 
19 16 13 9 6 7 7 10 11 7 5 9 10 7 11 14 12 17 1 13 
16 8 9 12 13 3 5 10 9 3 2 11 7 13 9 1 14 4 11 16 
17 17 11 10 6 3 13 5 3 5 6 9 4 7 8 9 7 14 11 19 
12 5 17 10 10 12 1 6 7 5 7 3 3 10 12 15 9 13 10 1 
17 2 7 16 12 13 9 11 5 10 10 7 7 8 12 10 15 8 10 11 
5 13 13 1 12 14 12 2 4 8 14 9 12 9 11 9 8 13 14 11 
18 18 11 6 1 1 4 13 15 11 6 14 14 9 15 9 14 7 18 19 
8 12 11 2 6 16 14 6 11 11 10 7 14 7 14 10 8 7 14 19 
13 11 17 5 7 11 17 13 14 16 8 15 14 7 16 9 2 13 10 19 
16 3 9 6 16 17 5 17 17 15 4 2 17 17 5 15 9 16 17 15 
10 12 10 12 18 18 17 14 2 19 13 17 10 11 8 13 13 13 13 0
