40
6 16 13 25 15 13 20 38 34 4 38 3 21 31 28 35 25 33 30 31 5 25 15 22 12 16 32 5 33 33 26 37 25 12 4 9 4 31 9 19 
5 24 14 25 33 5 5 19 2 29 16 2 12 36 20 18 14 26 1 15 30 4 23 31 37 19 19 8 1 8 29 15 36 37 24 11 1 6 32 38 
16 17 8 13 8 21 28 4 16 33 7 33 11 7 35 6 32 20 22 13 31 10 23 26 29 32 6 14 29 28 33 31 24 7 11 15 14 33 38 12 
9 4 14 3 9 30 14 13 21 27 5 34 36 19 2 36 19 18 11 25 35 14 34 5 2 32 35 33 3 14 8 30 1 2 36 36 30 10 6 31 
7 11 31 24 29 5 34 16 5 25 9 34 5 27 10 28 29 15 32 34 12 30 34 11 8 6 16 33 1 8 18 16 28 14 8 7 6 22 3 37 
14 2 12 30 21 18 33 4 28 16 31 1 13 27 33 3 34 33 10 30 16 14 31 26 27 29 29 23 14 33 10 2 29 33 34 15 35 5 33 6 
34 22 5 35 10 18 23 16 27 3 12 26 17 32 11 25 21 28 32 30 23 1 10 31 33 11 27 15 29 31 33 33 8 7 34 17 15 22 31 27 
8 9 30 6 23 34 14 28 11 31 32 5 30 3 27 13 30 23 1 18 13 32 24 1 17 31 31 2 25 23 20 7 7 26 30 29 26 31 19 39 
35 30 12 6 34 12 21 18 25 17 25 28 10 27 29 27 18 14 10 25 26 30 30 25 1 4 25 13 2 31 30 27 12 1 11 26 35 17 33 37 
32 22 2 6 30 8 26 31 13 11 2 14 13 19 5 5 10 2 8 29 29 28 11 8 23 25 7 13 18 1 25 5 32 25 10 13 20 34 34 24 
28 34 26 34 6 32 3 4 31 4 19 26 29 3 21 7 5 9 9 22 11 14 11 18 24 22 11 6 11 7 7 2 32 12 9 32 12 15 22 36 
20 2 9 8 10 34 28 23 16 21 28 22 23 4 26 11 1 28 19 21 24 4 23 7 12 25 18 8 24 12 1 10 3 6 21 30 20 21 5 29 
28 2 16 31 5 26 7 31 3 22 22 5 12 21 22 9 22 23 10 12 5 5 24 25 27 26 4 4 22 14 18 22 18 1 34 1 12 13 1 38 
11 38 32 16 15 33 24 20 30 1 16 3 24 13 22 22 12 24 26 23 23 9 26 2 13 23 19 22 21 18 8 12 15 31 29 29 34 35 28 7 
23 28 34 4 24 30 25 24 10 24 8 23 24 14 9 4 11 18 22 22 2 6 18 17 24 22 7 4 18 27 21 25 8 10 29 34 23 34 22 20 
32 3 28 16 26 14 24 29 29 16 10 13 10 24 6 11 21 4 12 21 5 19 11 20 5 21 18 5 21 15 26 22 1 2 20 4 36 30 20 22 
13 29 33 25 27 24 31 21 27 30 25 16 10 14 2 3 6 10 13 6 17 23 18 17 8 23 13 2 17 26 17 26 21 17 8 29 4 28 27 17 
36 32 30 32 35 23 25 16 5 16 28 5 23 25 23 21 19 2 7 5 11 7 21 18 18 19 26 5 24 23 3 24 32 27 30 34 33 35 24 23 
5 7 31 35 29 29 21 4 24 24 7 4 23 24 8 21 10 5 7 15 18 9 19 9 17 20 5 24 18 5 13 18 29 1 25 31 25 22 34 33 
28 7 12 27 16 30 25 17 28 3 7 25 16 15 10 20 5 20 3 1 15 9 15 21 14 2 14 22 22 23 22 2 2 30 29 35 24 31 16 33 
19 23 19 23 9 29 29 19 16 30 21 10 19 22 13 1 22 9 6 3 11 5 7 10 23 22 21 20 18 26 25 22 3 5 31 22 1 12 31 34 
30 32 8 27 10 8 33 10 23 27 25 12 20 20 14 7 16 16 6 1 20 1 14 22 22 12 4 19 27 4 24 30 29 32 31 28 27 19 11 23 
28 30 5 26 28 21 8 30 27 26 4 27 5 26 15 9 14 14 12 18 15 6 15 17 8 8 26 20 23 25 13 28 32 24 22 24 23 29 2 38 
23 28 24 13 1 7 16 20 20 11 25 18 7 5 2 19 19 7 9 9 13 23 21 17 1 6 12 19 7 13 6 27 15 4 1 34 15 3 25 4 
34 27 1 34 4 30 14 32 1 29 11 24 21 19 16 2 22 12 21 10 3 20 15 8 23 2 25 4 27 26 12 26 30 32 29 26 31 26 37 32 
19 15 25 16 19 11 28 27 28 23 1 20 8 3 9 25 23 21 25 21 6 21 23 17 17 20 23 26 22 3 15 28 31 32 19 12 11 36 7 33 
10 5 37 23 30 30 8 1 7 16 21 20 19 24 24 12 5 10 9 12 20 9 10 3 9 11 5 5 23 8 4 31 10 5 31 33 8 17 19 21 
1 7 28 26 21 23 10 29 6 11 21 6 17 9 20 11 17 26 27 2 7 21 22 7 11 7 2 25 10 17 13 20 16 6 25 20 9 18 35 2 
38 15 30 14 6 20 22 14 11 13 28 23 17 22 27 2 8 24 28 9 14 21 16 20 11 14 15 10 5 7 20 22 23 7 29 17 15 14 15 9 
33 23 14 7 4 5 22 32 23 3 24 18 15 17 6 12 27 21 28 22 13 10 11 1 13 26 22 28 7 19 15 29 14 8 32 21 7 7 12 17 
28 23 30 4 5 25 27 7 6 28 22 6 20 11 17 25 30 24 30 20 11 5 19 30 18 11 10 30 8 23 9 9 8 24 34 31 17 35 11 33 
25 32 17 31 28 28 7 7 9 19 12 20 6 17 16 28 21 22 27 10 30 9 28 25 19 16 29 26 29 18 12 7 17 32 11 12 15 17 34 8 
11 22 25 32 27 7 21 16 25 17 30 13 24 3 6 29 20 14 16 24 16 16 2 25 26 8 29 5 10 7 26 17 13 6 28 5 15 24 20 11 
2 36 11 15 35 23 19 32 17 14 6 16 23 31 27 21 14 4 26 27 14 5 10 32 20 17 32 20 31 29 26 12 29 32 9 13 10 28 21 11 
33 8 6 13 19 27 29 19 21 29 31 29 1 16 6 1 34 4 3 15 33 25 32 28 28 17 13 21 28 29 17 32 28 25 32 18 5 2 17 34 
16 6 17 19 32 23 8 18 28 17 4 14 15 13 34 29 23 1 26 3 22 31 19 30 2 30 35 32 19 6 30 16 8 8 21 18 7 10 23 13 
12 1 27 10 32 1 34 14 25 17 31 17 23 30 9 25 29 31 34 6 14 7 18 2 12 31 12 17 36 2 5 33 19 28 1 18 23 28 37 29 
29 7 5 5 19 19 25 17 7 10 7 21 32 30 30 12 32 24 32 18 2 17 29 31 35 21 18 2 11 18 32 15 18 15 6 1 7 31 13 7 
2 13 20 27 25 23 23 21 11 20 6 18 10 29 25 29 9 31 22 29 30 19 33 25 37 25 32 29 22 35 15 23 6 13 25 5 15 33 22 17 
15 32 28 33 17 36 25 33 29 8 34 17 38 18 4 26 18 18 8 8 22 25 38 13 38 34 13 20 14 7 33 39 23 14 10 37 38 36 28 G 